raining	70.462 0.576 0.592 0.87 21.5
woodh	3.982 141.426 0.032 34.666 15.894
yellow	0.52 1.986 44.822 20.684 45.988
four	146.492 0.05 172.7 0.744 0.014
woods	0.006 0.024 129.216 0.048 6.706
hanging	1.222 294.212 260.352 0.182 0.032
francesca	0.714 6.104 0.006 0.012 1.164
looking	25.072 377.084 0.008 0.082 511.754
43_1792	0.186 14.25 19.632 0.756 3.176
mumblish	0.07 0.236 0.312 0.244 0.138
meadows	0.008 108.566 3.114 141.63 5.682
hacked	9.066 0.052 0.05 0.042 4.79
deli	1022.5 0.036 137.104 1.952 266.412
uofm	0.016 0.632 0.95 0.182 0.22
hangin'	0.122 2.19 27.93 4.642 0.116
oceana	2.052 7.626 2.772 0.016 1.534
screaming	0.002 37.826 0.078 7.566 1.528
2032_60	0.05 0.41 1.092 0.438 0.01
tired	0.014 0.02 129.08 0.01 256.876
1796_32	10.332 0.048 0.006 0.03 10.584
bacon	27.39 0.394 2.096 171.392 58.728
second	149.206 0.112 582.188 109.118 0.376
300_1811	0.194 4.696 2.342 0.034 2.734
maloney	0.05 10.71 0.222 0.014 0.004
1405_1531	0.134 0.444 0.986 0.258 0.178
20_22	121.132 1.154 5.36 44.18 0.174
thunder	0.088 41.512 8.282 0.044 0.074
20_20	12.15 56.366 114.848 0.61 0.026
cooking	0.18 124.44 0.112 0.094 0.174
fingers	67.508 0.572 29.516 0.01 0.394
105_280	0.336 0.368 0.304 0.62 0.372
rafaella	0.054 0.194 0.158 10.488 0.106
1811_1810	0.004 0.066 0.296 0.242 12.392
dors	0.05 0.266 0.264 0.252 0.168
aja	0.016 0.02 22.716 0.102 2.146
pedro's	0.182 0.062 70.422 0.33 0.004
lgbt	8.878 1.038 0.126 2.458 0.5
1806_25	2.356 2.698 86.978 74.8 0.168
1806_27	4.826 44.612 0.312 0.286 109.964
1806_28	0.148 0.032 0.084 4.694 1.042
kids	110.526 149.944 13.928 283.6 0.002
50_1792	27.618 0.148 35.112 0.086 0.036
s'moreo	0.072 0.292 0.294 0.204 0.138
1780_1479	0.458 0.836 0.276 0.174 0.256
gayvonne	0.066 0.262 0.32 0.232 0.12
golden	0.504 139.518 0.004 86.956 0.018
gainsbourg	0.254 0.856 0.334 1.284 0.272
replace	31.356 0.294 0.726 0.498 0.126
brought	85.634 0.03 58.328 0.006 0.002
carb	0.132 13.61 0.038 0.178 0.042
24_2416	0.01 0.194 0.004 0.002 19.79
stern	149.838 95.988 0.026 0.116 0.032
60_1255	0.076 8.284 1.42 2.424 1.796
cheating	0.026 0.202 0.454 1.238 29.08
music	79.158 948.116 634.43 1.322 80.974
719_1725	0.03 15.828 0.12 2.992 0.03
strike	0.108 0.218 96.622 0.038 0.014
344_2117	0.064 0.556 0.06 44.174 0.146
2686	0.336 0.958 78.884 4.788 0.034
27_27	30.558 0.286 8.976 0.14 0.04
wafels	2.022 5.72 0.54 0.196 43.522
holy	1.278 0.17 180.686 117.882 94.984
relax	0.092 64.348 0.054 0.16 25.346
taishu	0.006 0.012 14.954 0.02 0.008
taisho	0.012 0.028 42.928 0.022 0.01
98	0.036 0.076 2.636 523.438 20.814
1792_2031	0.01 0.026 10.822 0.132 0.01
friendsgiving	0.068 0.23 0.316 0.242 0.144
hole	0.532 0.044 72.974 156.25 0.2
hold	73.96 0.484 47.202 0.006 2.348
1857_1222	1.214 3.68 0.12 1.306 0.68
97	0.008 0.044 0.658 271.636 8.654
96	0.068 0.256 19.296 79.376 0.004
bklyn	0.382 7.148 0.032 121.424 0.014
locked	0.01 19.772 5.726 0.006 38.486
2894_2900	0.06 0.246 0.316 0.244 0.134
onstage	0.006 3.09 1.864 0.876 0.164
fancast	0.08 0.248 0.276 0.244 0.152
locker	1.062 28.8 1.992 0.086 1.06
24_24	97.352 3.428 2.976 0.026 0.218
24_22	36.082 0.076 3.4 28.132 2.31
wang	0.236 0.4 33.034 0.23 0.1
pints	0.01 22.806 0.09 0.018 0.076
yumness	0.054 0.82 1.582 0.136 0.408
household	0.004 0.014 57.884 0.03 0.068
polaroids	0.012 1.538 0.924 0.79 0.736
1774_1773	7.836 0.026 0.042 0.07 0.026
dyke	0.008 0.018 0.018 0.286 17.67
3138_1792	0.11 0.058 0.002 3.058 17.772
roberta's	0.04 1.19 36.622 57.14 0.008
1792_2141	0.55 46.25 0.024 0.036 0.14
1748_2059	0.086 1.196 1.558 1.146 0.014
hoo	0.298 81.196 0.286 0.182 0.038
feature	40.388 0.944 14.086 0.028 3.554
machine	0.096 135.052 0.28 0.438 54.134
24_1853	0.012 14.776 0.168 0.016 0.028
hot	496.64 3.594 497.068 355.812 265.886
hop	0.392 1.178 137.682 5.604 65.144
yum	4.604 627.524 0.004 229.716 0.152
gaming	0.284 65.488 0.2 0.002 0.026
2074_14	0.036 0.402 0.816 0.664 0.082
regional	0.238 14 1.402 14.564 27.796
cabbie	4.75 7.968 27.124 0.02 0.138
1172	0.014 0.188 0.706 82.072 0.02
beauty	31.506 0.052 178.092 2.654 99.696
cuisine	0.01 361.952 0.026 0.008 0.004
1179	8.218 0.058 47.474 0.088 5.162
1178	1 148.178 0.194 2.832 58.796
shores	0.444 0.44 0.73 0.046 1.34
wrong	63.124 0.01 112.294 0.028 103.544
roaster	1.586 29.446 4.372 0.254 0.342
39_1243	1.558 57.76 0.168 1.1 4.414
cascabel	0.002 0.174 7.686 29.096 0.042
headquarters	252.608 0.01 0.246 0.124 0.012
1302_1791	0.064 0.226 0.276 0.26 0.174
menlo	0.01 200.81 0.014 187.206 0.96
wing	0.106 90.964 3.766 0.026 0.138
wine	0.092 861.944 524.794 0.152 0.018
androids	0.002 0.01 5.962 0.016 0.01
vezzo	0.006 17.946 0.018 0.014 0.016
50_1800	0.002 0.364 2.462 0.012 0.16
50_1806	33.624 0.046 74.322 0.008 0
welcomes	1.164 2.972 0.03 0.748 3.086
benign	0.068 0.234 0.294 0.244 0.16
fix	0.03 132.56 0.976 1.844 108.59
1078_1249	1.032 3.48 0.07 0.152 2.266
2034	0.06 4.392 6.87 50.672 0.006
fig	0.048 62.886 0.036 0.016 0.014
fuddruckers	0.202 0.028 0.01 14.674 0.086
hidden	0.054 45.864 0.058 0.012 0.012
easier	0.886 0.054 0.596 0.018 52.446
oooooohh	0.056 0.266 0.316 0.224 0.138
colombo's	0.056 0.254 0.332 0.218 0.14
barcade	0.018 0.028 91.868 0.06 0.026
lembanon	0.064 0.248 0.266 0.42 1.002
1244_1806	0.148 16.156 32.738 8.876 0.082
719_1627	0.02 21.82 0.018 8.108 0.034
1244_1804	0.028 2.768 3.05 0.132 0.022
braised	0.014 12.504 0.102 0.374 0.006
township	40.04 0.274 0.022 130.65 0.014
sixteen	0.084 3.44 1.03 0.036 2.41
silver	120.622 0.028 58.838 2.504 0.008
1244_1808	0.018 0.022 0.098 15.83 0.032
razorfish	73.846 0.032 0.016 0.004 0.102
744_2117	0.002 0.036 0.096 10.706 0.16
abrons	0.002 0 9.94 0.046 0.012
20_1303	0.03 162.84 0.012 108.938 0.18
20_1300	0.04 0.268 71.174 73.68 8.838
westmount	0.022 0.014 0.076 17.882 0.006
angolo	0.004 0.588 2.04 1.366 0.002
commons	2.152 193.38 0.016 32.436 0.016
1236_1372	0.046 0.026 7.02 0.086 1.822
1145_1243	2.274 52.532 0.056 0.104 0.034
2303	0.002 0.01 0.064 1.324 202.6
2302	0.054 98.276 66.294 0.486 146.89
whobyyou	5.998 0.126 0.128 0.066 3.682
2304	0.082 4.794 0.228 16.792 0.104
1145_1249	0 5.564 7.066 7.362 0.008
smh	0.012 0.044 50.866 0.15 45.928
1798_1600	0.06 0.288 0.29 0.24 0.122
1806_2471	0.594 0.942 0.112 0.488 0.864
frenchie	0.24 1.672 1.92 0.796 0.372
foundation	23.352 98.98 35.268 0.01 32.39
2794_2721	0.086 0.024 0.01 0.04 19.84
potachoes	0.052 0.274 0.286 0.216 0.172
127_344	0.066 0.27 0.296 0.234 0.134
ate	50.758 40.594 39.556 1.544 0.548
atm	0.204 23.338 0.054 13.97 0.434
2147_2037	0.046 0.27 0.3 0.226 0.158
168_1325	0.036 1.182 2.65 0.776 19.356
today's	1.814 0.072 0.006 1.646 166.462
loudness	0.09 0.274 0.304 0.22 0.112
lupe's	0.02 6.912 0.044 0.01 0.014
tollway	0.248 0.258 0.666 0.386 0.442
nigel	0.056 1.206 0.114 0.236 5.388
shoppes	2.014 0.004 0.562 4.798 6.622
sheboygan	0.136 0.14 0.368 0.282 1.074
veggie	1.096 111.758 0.054 0.082 0.01
wash	93.332 0.014 0.01 150.582 0.062
kfc	0.468 71.306 0.146 0.064 0.016
176	1.662 1.39 82.176 0.004 172.768
service	357.064 1.8 171.012 148.116 275.008
lego	0.146 0.018 0.008 40.638 0.19
ukehaxhaj	0.054 0.282 0.192 1.332 0.14
engagement	0.036 0.014 3.228 71.642 0.08
needed	2.996 176.064 2.44 0.14 131.36
master	0.344 1.482 29.446 0.264 37.464
blossoms	0.032 0.026 0.214 12.658 0.07
74_1811	0.072 0.298 0.31 0.208 0.112
legs	0.524 6.372 0.332 3.234 77.538
genesis	0.204 18.816 8.78 0.192 0.008
listen	3.56 0.03 38.622 0.006 68.782
roseland	0.292 0.544 171.188 0.016 64.96
3139_1303	0.076 0.274 0.298 0.228 0.124
1810_1806	0.17 5.356 4.076 4.236 0.162
1780_1222	61.86 0.078 0.022 0.006 0.034
gemeente	0.066 0.22 0.34 0.21 0.164
trek	0.02 12.744 0.064 13.598 0.574
hibachi	0.002 50.446 0.538 0.004 0.01
tree	66.982 1.774 181.56 70.528 0.156
project	137.568 139.878 0.664 3.846 0.044
37_1243	0.024 28.63 0.302 0.038 0.006
1272_2128	0.886 0.796 0.508 0.304 0.506
boston	0.008 0.546 0.184 117.492 302.77
1748_2193	0.004 0.2 0.184 10.498 0.114
14_19	0.034 0.02 21.692 0.234 0.02
14_14	0.004 0.038 69.922 0.96 25.076
responsible	0.026 15.04 0.154 0.086 0.694
1800_1915	0.05 0.266 0.292 0.244 0.148
recommended	0.008 0.826 0.686 45.458 0.022
causing	0.106 0.418 0.162 13.87 3.444
doors	0.058 36.986 0.142 0.044 47.77
season	0.688 331.9 0.122 109.264 0.026
2512_3023	0.062 0.234 0.29 0.24 0.174
kremlin	0.068 0.294 0.272 0.244 0.122
adrienne's	0.062 25.928 0 0.008 0.002
withdraw	0.014 2.794 0.758 1.342 0.092
shall	4.384 15.172 18.538 0.334 29.572
thrilled	0.164 0.146 0.074 0.016 15.6
swiss	0.014 0.806 0.054 35.514 0.612
mouth	57.69 0.074 37.048 0.174 0.014
2747_17	0.06 0.274 0.296 0.22 0.15
letter	24.044 0.024 1.958 0.024 15.95
episode	0.112 0.056 77.66 0.148 47.024
grove	0.018 0.02 262.942 0.272 430.748
professor	0.436 4.782 102.57 5.04 1.172
camp	0.008 81.986 0.054 2.114 174.838
verlaine	0.004 0.014 33.948 0.012 0.022
164_1236	7.654 0.928 0.352 1.444 0.622
tech	266.744 166.98 0.004 0.016 0.256
1762	0.044 0.052 135.064 107.43 122.41
1748_1222	75.198 2.552 1.478 0.096 0.676
1766	0.054 0.062 0.014 30.84 0.03
came	17.458 80.634 118.422 0.008 103.478
saying	98.038 0.012 88.578 0.368 0.004
2964_2949	0.418 1.278 0.864 0.672 0.768
bomb	0.06 67.734 7.788 0.194 0.224
terese	0.008 0.802 1.806 0.342 0.042
tequila	0.024 1.45 146.494 0.016 0.016
psari	0.076 1.168 1.02 0.66 0.076
thai	0.02 957.936 0.022 0.02 0.002
lessons	0.186 0.118 0.06 32.618 0.018
1547	0.002 105.496 0.182 44.772 2.548
taketh	0.074 0.246 0.304 0.264 0.112
layout	4.506 3.652 1.416 0.42 0.006
hassock	0.222 0.03 4.526 0.052 13.17
ment	0.012 62.876 0.08 0.024 0.008
menu	0.028 203.884 0.622 1.398 0.068
orensanz	0.004 0.014 22.954 0.014 0.014
dippin'	0.004 0.814 1.112 0.042 0.028
mens	0.108 0.782 9.208 0.356 59.546
rihanna	0.028 16.662 0.008 0.074 0.228
bliss	41.802 0.86 80.018 4.156 0.164
rick	3.468 37.564 7.65 0.006 0.312
rich	0.13 79.062 0.378 0.066 16.364
loho'a	0.088 0.22 0.294 0.258 0.14
rice	0.16 290.106 0.252 0.47 0.012
1262_108	0.074 0.27 0.318 0.184 0.154
vaccinations	0.002 0.466 0.182 4.326 0.024
18_1780	0.136 0.522 22.11 0.124 0.108
lester	0.036 0.834 1.534 0.326 4.27
1271_1780	0.03 0.478 0.944 0.414 0.134
spilling	0.006 2.04 0.244 0.596 0.114
1806_2260	0.136 0.142 0.366 1.026 0.33
nicely	1.278 11.716 13.688 2.104 1.214
tights	7.226 2.6 0.116 2.554 0.504
coles	0.06 1.752 118.764 21.114 18.31
patch	43.764 3.396 0.664 0.142 0.034
1270_31	6.692 0.21 0.026 0.026 0.046
'n'	0.002 178.912 0.002 0.022 0.062
release	0.044 110.166 0.008 0.112 0.67
1300_1145	5.462 23.944 0.766 0.126 22.702
1792_1800	1.964 0.254 39.736 0.102 19.944
1792_1806	0.014 176.778 123.564 0.056 97.588
disaster	0.022 2.238 0.68 32.764 0.296
fair	0.01 0.062 0.026 630.708 1.194
acadamia	0.122 0.872 1.744 0.012 0.25
2690_2568	0.056 0.248 0.32 0.244 0.132
pinot	0.004 0.01 27.942 0.04 0.004
imho	0.104 5.168 0.128 5.566 0.034
fail	38.572 1.436 78.61 1.496 48.886
best	969.264 54.262 890.398 1059.04 0.032
manson	0.24 5.432 0.052 0.048 1.228
lots	122.748 2.008 22.814 176.096 0.334
1664_1800	0.224 0.79 0.13 0.384 0.472
loti	0.024 0.024 12.912 0.004 0.036
melissa	0.462 64.374 0.07 0.032 0.062
yogurt	0.34 129.384 0.706 0.464 0.106
ntura	0.072 0.722 0.924 0.724 0.558
1300_20	1.264 0.278 77.258 63.15 0.05
1300_1856	0.006 49.044 0.164 0.702 0.084
pirate	0.05 7.388 3.888 11.39 0.284
1300_25	0.236 51.67 0.114 0.754 0.226
homesies	0.09 0.368 0.13 1.196 0.216
1462_290	0.014 0.786 0.884 0.164 0.152
wtf	64.094 0.052 109.04 0.382 118.432
defiance	0.118 0.474 0.036 22.358 0.014
1841_1748	14.726 0.012 0.054 0.036 0.172
1059_1998	0.028 1.992 0.066 6.904 0.01
roller	0.012 0.022 0.098 34.852 0.016
2090_1083	0.094 0.252 0.288 0.226 0.14
ryerson	0.198 0.882 0.002 6.148 4.77
bachelorette	0.026 0.006 27.77 0.06 0.138
country	0.182 335.442 0.562 213.256 4.558
cup	127.412 0.046 0.134 421.956 40.452
2072_1030	0.08 0.614 0.844 0.388 0.074
1806_1792	225.046 179.992 12.77 1.772 0.42
1806_1793	2.788 7.73 14.528 0.028 0.926
dora	0.084 3 12.818 0.08 0.018
asked	18.814 104.754 0.31 1.364 3.758
1806_1798	2.844 3.07 0.106 0.576 3.404
1956_18	0.074 0.252 0.31 0.208 0.156
vain	1.234 5.522 0.756 0.004 0.484
kenka	0 0.034 27.946 0.018 0.002
northway	0.046 0.15 0.466 1.19 0.148
union	1042.18 0.038 1354.9 1743.87 0.008
ridgewood	154.956 5.436 7.402 290.478 0.728
much	251.304 355.992 322.362 38.31 468.032
stadium	0.04 1281.59 0.018 1207.33 0.016
jackass	0.114 0.144 54.846 2.84 0.056
2914_2913	0.074 0.264 0.272 0.248 0.142
dots	0.512 2.01 0.98 0.068 0.43
life	334.91 197.936 450.45 0.044 238.66
eastern	0.274 0.536 1.976 211.932 123.282
freehold	0.128 0.634 0.258 0.216 0.764
1573_14	0.012 0.556 0.3 1.016 0.116
child	75.4 0.184 7.486 4.816 0.114
2896_2786	0.078 0.224 0.3 0.234 0.164
chili	0.024 65.58 0.014 22.376 0.006
1806_40	0.412 3.394 0.31 0.306 1.578
spin	0.118 102.666 36.682 0.016 79.518
1813_168	0.044 1.044 0.684 0.098 0.13
chill	0.978 102.82 0.1 3.658 4.444
tabac	0.01 0.088 0.018 71.79 0.094
2517	58.09 0.212 0.012 285.394 2.292
2512	0.598 0.006 54.126 1.604 119.666
ridiculously	12.492 14.552 5.888 0.044 0.024
delicatessen	123.018 98.57 0.078 126.142 0.192
locksmith	0 0.048 25.924 0.02 0.008
1298_97	0.14 0.342 0.124 1 0.394
memorial	22.15 0.55 0.074 115.964 212.262
things	405.636 179.112 114.116 0.026 0.11
2794_2117	0.14 0.51 0.522 0.34 0.488
1800_300	2.43 0.158 11.356 4.17 17.886
eldridge	0.082 0.136 138.686 0.078 0.018
harmony	0.146 22.212 0.032 0.12 0.49
babies	1.52 3.804 8.056 86.958 0.662
2031_1856	0.058 0.262 0.33 0.224 0.126
tops	1.534 83.118 0.08 0.106 0.162
qdoba	8.208 90.55 0.042 0.132 0.068
1792_344	0.026 0.23 149.602 1.752 44.39
boiler	0.006 0.014 57.978 0.002 0
1792_341	0.048 0.044 0.222 6.378 20.308
supper	0.004 0.014 166.958 0.022 0.002
tuna	0 95.822 0.002 0.138 0.038
crosstown	0.814 0.194 0.018 0.018 57.956
burgers	0.464 623.728 0.072 0.666 0.07
corporate	274.212 0.054 0.066 0.03 128.638
1851_1250	0.048 0.024 0.598 1.492 0.838
capitol	0.162 2.274 0.008 2.6 0.956
30_1485	0.062 0.236 0.3 0.24 0.162
1857_24	2.398 0.208 0.012 2.336 4.046
1857_22	18.666 0.648 0.042 1.522 0.122
hasemann	0.052 0.92 0.42 0.322 0.286
1748_2036	0.1 5.222 4.39 0.098 0.19
2117_1392	0.058 0.302 0.26 0.242 0.138
1748_2032	0 5.108 1.092 4.36 17.44
34_1811	0.036 12.502 0.01 1.444 0.008
haz	0.96 8.464 0.262 0.38 5.934
richie	0.018 0.082 9.792 0.1 0.008
easy	0.186 91.614 6.478 0.008 110.714
east	1130.63 1865.21 855.582 1217.69 1722.89
25_1217	0.046 0.06 0.066 15.776 0.052
1156	7.566 121.232 0.998 0.114 17.09
possible	54.892 0.738 1.212 60.038 0.12
108_2128	0.066 2.674 0.224 0.806 11.23
shadow	0.056 0.362 0.556 0.302 22.724
719_1303	0.022 28.642 0.29 0.034 0.012
2041_2036	0 0.74 0.554 0.676 0.03
bobby	0.03 88.556 0.096 0.266 2.052
2050_2416	0.174 0.094 0.014 0.036 20.682
3054_2913	0.004 0 4.94 0.014 0.042
alice	0.036 103.626 0.022 0.314 0.002
festivities	0.028 0.262 1.79 40.606 0.314
busses	0.026 1.856 0.036 0.032 4.05
steps	0.036 90.656 0.024 0.132 49.152
toros	0.092 89.83 0.008 0.004 0.066
1681_1927	0.632 0.36 0.962 0.48 0.566
bife	0.012 0.912 0.662 1.272 0.142
attorney	1.872 3.152 40.902 0.028 0.046
right	412.468 44.862 745.872 0.092 484.706
old	97.824 893.916 309.128 215.76 296.372
creek	0.002 140.9 0.05 0.034 0.014
people	749.444 22.772 817.476 0.01 454.298
1303_356	61.936 1.872 41.166 2.11 0.916
rainstorms	0.076 0.234 0.306 0.242 0.142
fuuuuck	0.062 0.248 0.31 0.214 0.166
flux	0.032 3.752 8.202 0.008 0.006
creative	95.324 51.106 0.244 0.17 0.156
witty	0.162 3.966 3.094 1.736 0.042
1156_1290	0 0.162 1.358 0.292 0.188
shakes	0.228 42.408 0.146 0.204 0.014
barcode	0.768 31.866 0.176 0.094 0.096
1856_1355	0.01 0.982 1.418 0.16 0.43
mediocrity	0.034 1.946 1.404 0.116 1.5
2117_30	0.008 34.244 0.598 0.084 0.066
shaken	0.022 0.604 0.01 4.856 1.508
demarest	0.046 0.014 0.1 25.782 0.058
citizens	0.036 0.44 82.418 0.1 0.006
63_1838	0.15 0.324 0.664 0.54 0.322
1298_1299	0.012 2.83 5.414 0.04 0.704
2510_1290	0.074 0.29 0.298 0.184 0.154
soo	0.362 31.49 0.06 37.094 5.994
2400_2399	0.034 36.346 0.93 0.038 1.652
30_2050	0.854 63.96 0.248 3.228 0.71
sox	0.036 62.764 0.916 6.142 0.142
soon	0.192 266.98 2.314 0.06 318.454
18_1806	0.098 0.05 26.312 0.052 19.488
18_1804	0.07 1.85 0.22 6.848 0.012
18_1800	0.032 7.518 1.418 0.012 0.02
waits	0.006 0.188 2.246 2.022 3.538
1058_210	0.068 0.27 0.306 0.22 0.136
dizzfyfizz	0.062 0.244 0.304 0.232 0.158
wordpress	0.338 1.542 13.954 0.002 0.164
2688	0.228 385.148 619.7 502.466 456.458
happy	28.82 537.248 1910.46 1.64 773.834
1247_2085	0.016 0.178 1.554 0.094 0.158
melanie	0.008 3.454 2.812 0.884 0.842
breuvage	0.07 0.258 0.294 0.228 0.15
2185	0.038 11.836 0.114 0 0.012
palmetto	0.082 0.066 0.014 0.08 24.758
1800_150	0.006 0.506 1.302 1.1 0.086
2141_1041	0 0.672 1.026 0.112 0.19
inside	13.234 91.882 0.1 1.992 124.792
168_1303	0.022 17.048 3.916 1.996 0.018
saju	0.42 0.374 0.25 0.48 0.476
palm	0.05 0.01 74.792 0.036 46.112
passenger	0.168 0.122 0.026 0.556 18.128
152	0.094 1.164 38.164 59.56 0.018
2199_826	0.072 0.208 0.306 0.266 0.148
1241_2117	17.986 7.478 0.014 2.516 0.006
bourdain	0.042 1.798 0.042 13.06 0.058
1130_971	0.06 0.254 0.312 0.22 0.154
3025_3124	0.08 0.228 0.29 0.24 0.162
164_143	0.076 0.266 0.296 0.198 0.164
protested	0.222 0.614 0.326 0.492 0.346
2471_2471	0.008 1.098 1.774 1.12 0
floor	966.512 0.154 128.274 0.048 0.012
slammin	5.686 22.532 0.326 13.432 0.024
1792_63	0.25 0.814 0.048 0.354 32.534
obao	7.54 1.236 0.086 0.076 0.062
344_356	0.012 0.008 94.094 127.214 0.672
republic	0.042 208.826 0.066 0.016 0.05
1791_1222	71.362 0.008 49.374 0.098 0.158
47_1249	0.07 0.534 1.888 0.434 0.074
83_27	0.052 0.018 0.084 0.022 28.824
duende	0.068 0.284 0.256 0.252 0.14
smell	56.654 0.228 52.576 0.026 72.516
roll	3.082 341.366 0.014 0.048 0.49
83_23	0.314 0.462 0.19 0.57 0.464
2726	0.054 1.968 7.076 2.89 0.012
rehearsing	0.216 24.56 0.036 0.112 0.076
bowlmor	0.446 0.01 59.404 0.108 0.032
2721	100.738 10.226 6.094 1.328 35.614
2720	97.29 0.04 126.544 83.184 1.942
20_779	0.288 1.218 1.474 2.878 1.142
snowpocalypse	0.964 0.14 106.25 2.934 142.712
devoe	2.3 0.036 59.63 0.024 1.01
2688_2031	0.11 0.296 0.536 0.626 0.432
1627_1303	100.186 0.174 66.406 0.018 0.216
2964_2767	0.052 0.232 0.312 0.238 0.166
mike's	1.048 0.062 81.736 51.57 0.584
packets	0.122 0.312 0.054 5.068 2.444
time	1082.21 2179.87 858.98 1040.13 1774.81
43_1806	66.698 17.554 2.48 0.02 0.248
baybridge	0.002 1.51 1.014 1.462 0.012
corps	0.388 18.562 7.192 25.822 0.036
burritos	0.136 138.656 0.18 0.028 0
2812_2831	0.012 0.544 2.28 0.556 0.608
chair	0.584 0.008 0.42 62.962 0.026
mercadito	0 10.226 32.728 0.032 0.014
ballet	0.156 60.688 0.03 0.104 0.022
caldwell	0.034 0.466 0.282 19.852 87.366
weill	41.124 0.186 0.072 1.448 3.17
20_1563	0.032 0.426 0.288 0.784 0.47
247_2036	0.072 1.05 2.182 0.45 0.246
veterans	90.06 2.824 0.002 2.028 0.086
1243_43	1.62 89.798 0.008 0.076 2.498
icing	0.022 0.028 12.88 0.048 0.022
cheap	0.1 206.978 0.416 2.478 0.028
choice	0.024 181.712 0.022 0.008 42.234
gloomy	0.016 0.038 0.018 0.062 17.866
1303_1325	0.112 24.548 0.428 2.886 0.026
minute	0.364 0.506 19.694 128.786 98.65
2095	0.04 0.026 126.446 13.172 73.316
bateaux	4.868 1.066 0.188 0.08 6.798
1704	0.222 418.18 0.018 23.712 195.868
1705	343.804 0.13 2082.39 112.486 0.19
2128_143	0.048 0.772 0.574 0.602 0.004
tear	0.638 26.17 0.538 0.022 0.632
164_1255	0.122 0.362 0.006 2.412 1.098
17_24	7.014 0.034 0.02 16.666 5.266
17_20	0.008 0.256 87.384 1.004 51.348
subway	695.084 0.554 235.18 0.014 2553.17
hittin	0.948 1.306 0.008 4.07 2.668
team	265.886 469.914 0.002 0.04 0.158
619_1955	0.078 0.1 0.21 1.816 0.796
1145_1856	0.052 45.804 0.03 0.07 0.044
droid	60.396 0.552 23.026 0.006 0.02
occurrence	0.07 0.33 1.176 0.312 0.112
1937_1810	0.12 0.634 0.222 0.78 0.244
sigh	2.748 18.794 4.512 0.87 117.076
martha's	0.108 2.478 21.32 13.918 1.176
raisa	0.432 0.936 1.106 0.156 0.37
sigo	0.086 0.78 0.464 0.432 0.238
raoul's	0 4.568 6.422 0.006 0.004
crescent	0.008 48.768 57.176 2.44 19.608
korothy	0.05 0.232 0.302 0.274 0.142
greenpoint	0.334 0.02 166.15 121.236 0.26
venga	0.102 0.746 0.638 0.338 1.176
1249_1303	1.826 54.646 0.022 0.334 5.172
1108_2117	0.05 0.26 0.3 0.234 0.156
3023	1.124 0.012 101.416 7.126 91.322
melt	0.868 0.706 1.312 45.738 0.376
current	0.122 49.462 0.144 0.012 2.26
ground	138.516 0.026 1.494 205.936 0.028
badge	75.982 0.128 75.628 0.872 14.39
unintentionally	0.19 0.324 0.328 4.15 0.008
zrh	0.07 0.252 0.29 0.248 0.14
2766_2726	0.072 0.244 0.296 0.216 0.172
oldies	0.014 0.096 13.81 0.054 0.026
funeral	17.06 2 0.314 15.624 0.002
2193_2698	3.68 0.334 0.03 8.856 6.1
vanderbilt	3.678 0.022 119.134 268.72 0.446
hunter's	0.004 0.82 0.48 3.684 0.012
upgrade	0.088 0.228 4.012 0.216 61.456
splice	0 0.026 7.906 0.054 0.014
alone	46.826 0.03 62.796 0.576 6.772
along	21.654 0.18 0.204 167.434 7.528
1381_1627	0.014 0.006 0.094 0.072 8.814
driggs	0.06 1.16 240.156 180.62 0.004
balaboosta	0.024 6.352 2.592 0.004 0.028
brilliant	22.904 0.15 37.094 14.284 6.568
woop	0.014 45.86 0.096 0.022 0.008
2917_3054	1.392 0.034 0.006 3.142 0.426
castaways	0.012 0.012 19.954 0.018 0.004
104_1627	7.898 0.066 0.004 0.02 0.012
love	950.032 10.066 1678.49 583.758 403.65
santa	0.186 0.152 0.788 68.826 0.048
1303_1811	33.032 77.876 0.044 0.01 3.038
bloody	0.012 0.08 0.028 242.852 0.028
fake	0.246 68.398 0.248 0.004 1.104
forefront	0.002 0.01 0.026 12.936 0.026
nick's	0.002 86.558 0.37 0.062 0.008
sky	0.072 149.184 0.21 0.082 130.452
working	632.306 0.194 0.428 214.228 321.844
108_1303	39.378 1.462 0.124 0.004 0.032
parsippany	176.738 111.162 0.016 0.03 0.054
papas	0.054 4.728 1.144 0.036 0.038
films	0.102 55.376 1.266 0.044 0.212
loving	0.016 220.14 0.006 0.008 36.83
jarno	0.074 0.288 0.282 0.202 0.154
1243_2916	0.068 0.228 0.258 0.274 0.172
everywhere	72.272 0.198 64.692 32.048 3.79
scratcher	0.016 0.254 36.71 0.016 0.004
deserved	0.242 32.948 0.17 0.542 1.098
laguardia	0.068 0.718 0.044 0.016 2174.15
goodburger	6.964 69.834 0.102 0.064 0.036
rutherford	3.462 0.018 0.316 341.968 93.236
privy	0.08 0.242 0.302 0.22 0.156
printing	1.658 0.866 0.01 0.078 67.388
webster	0.072 0.27 439.652 0.006 0
interstate	0.186 0.052 65.592 13.28 212.89
20_1937	0.088 0.028 9.312 0.054 0.518
awesome	476.396 0.042 980.522 323.992 0.048
reqs	0.516 0.476 0.16 0.406 0.442
234	0.004 0.058 5.558 5.26 0.12
235	0.016 4.91 22.412 1.658 0.004
stole	0.166 36.97 0.336 0.092 0.436
katsu	14.518 0.952 0.004 1.476 0.05
1804_344	0.002 0.018 8.882 0.088 0.01
daylightsavings	0.002 0.12 0.274 6.582 0.022
pinto	0.04 4.23 7.418 0.15 0.162
1270_2311	0.06 0.252 0.334 0.2 0.154
1316_2084	0.026 1.74 3.208 0.024 0.002
beans	0.35 122.304 0.266 0.058 0.022
laundry	83.972 26.8 0.084 217.054 20.09
1806_63	0.256 2.194 0.422 11.846 5.282
blasting	19.034 0.096 25.834 0.014 0.022
spot	205.796 0.92 358.432 86.844 0.008
1792_2416	0.128 1.022 0.296 0.404 79.15
date	0.008 480.76 0.032 0.012 0.188
1243_1851	0.028 0.076 0.226 0.01 9.66
suck	2.122 68.76 0.112 0.108 88.898
2303_2225	0.032 0.06 0.014 0.012 11.882
filthy	0.004 15.914 0.004 0.004 0.074
1243_1856	0.042 39.784 0.032 0.096 0.046
stress	0.1 47.048 0.092 0.01 23.75
surfing	0.156 3.528 0.098 11.206 0.012
2794_2688	0.532 0.022 0.292 0.012 5.142
22_1811	9.318 0.65 29.198 0.034 23.8
lyndhurst	0.276 50.168 2.826 0.78 62.95
2032_24	0.004 20.772 3.952 0.034 2.238
2032_27	0.432 0.224 0.024 50.24 0.08
mango	0.012 152.822 0.1 0.054 0.012
truck	607.188 0.118 80.798 63.736 0.16
2032_22	33.568 0.004 14.366 0.01 0.052
2533	158.016 0.022 11.838 59.81 0.314
pulled	0.364 117.4 0.212 0.018 0.006
344_1664	0.026 0.028 27.812 0.094 0.04
tomlin	0.062 0.236 0.33 0.214 0.158
nobu	0.05 60.768 0.132 0.024 0.026
kona	0.014 4.212 0.19 5.428 6.156
kong	5.316 1.124 0.122 66.352 0.086
course	3.004 6.632 29.856 228.198 158.31
unitentified	0.058 0.252 0.304 0.264 0.122
1717_1731	0.116 0.722 0.822 0.124 0.216
hillstone	0.038 53.914 0.022 0.004 0.022
jim	0.024 104.24 0.058 0.6 0.078
2117_2096	0.028 0.274 0.026 10.618 0.054
sylvan	40.754 0.09 0.05 0.02 0.086
22_25	82.656 143.326 20.908 0.032 0.078
938	103.148 0.004 160.86 89.486 18.502
22_20	0.01 2.304 169.496 0.01 0.18
52_1626	0.062 0.272 0.282 0.24 0.144
22_22	126.642 35.49 2.416 4.432 0.02
swastika	0.074 0.238 0.316 0.238 0.134
22_28	0.038 3.604 0.122 3.58 0.656
retrait	0.058 0.286 0.28 0.224 0.152
1806_2193	0.012 0.014 0.03 11.942 0.002
feelin	0.046 3.452 30.658 0.71 0.134
records	77.062 0.02 30.732 0.052 0.134
62_1303	0.002 0.02 0.02 0.03 5.928
twilight	0.182 21.766 7.744 6.206 0.102
tortilleria	0.02 34.358 0.046 0.534 0.042
bowling	0.61 0.298 101.998 0.008 96.086
dinapoli	0.004 0.238 23.688 0.052 0.018
1800_2360	0.084 0.258 0.312 0.222 0.124
1249_1163	4.566 0.094 0.026 0.014 2.3
poopie	0.08 0.25 0.29 0.25 0.13
troll	0.068 9.36 0.232 1.29 0.05
diwine	0.002 0.018 13.858 0.118 0.004
jokes	0.406 28.722 0.194 0.092 0.586
1806_344	0.662 1.79 92.996 1.496 0.056
799	0.528 0.032 97.404 0.04 487.996
spuyten	0.024 0.006 67.862 0.104 0.004
seriously	114.192 0.21 118.426 0.006 44.166
riodizio	0.17 0.126 1.24 1.064 0.4
linguine	0.062 0.576 1.056 0.148 0.158
2076_1104	0.066 0.258 0.296 0.218 0.162
seventh	120.658 0.008 119.706 46.502 0.126
quite	82.938 0.012 114.962 4.616 0.472
crazier	1.694 4.196 0.032 2.036 0.042
besides	20.556 0.318 0.022 0.076 0.028
grandma	0.004 1.422 0.244 59.296 0.034
poems	0.01 0.504 3.144 0.01 0.332
byte	0.024 0.352 0.936 0.528 0.16
1217_1254	0.046 0.25 0.328 0.244 0.132
training	0.016 0.244 0.036 0.19 395.514
2084_83	0.096 0.582 2.348 0.284 1.69
roundin'	0.076 0.272 0.29 0.242 0.12
punk	0.276 0.184 49.3 0.176 0.064
27_2128	0.034 0.028 0.174 2.036 58.728
livingston	169.042 0.008 0.224 39.134 150.592
massive	0.092 46.71 0.14 32.09 9.968
heering	0.066 0.26 0.292 0.234 0.148
saving	0.092 0.444 0.04 0.12 38.304
s'mac	0.018 57.19 0.036 1.726 0.03
rodizo	0.074 0.286 0.29 0.204 0.146
potter	0.024 0.328 139.778 2.714 0.156
one	1368.01 0.004 1329 460.978 761.012
waterfront	0.018 109.32 0.152 207.494 0.016
croup	0.06 0.236 0.302 0.248 0.154
open	232.77 0.094 230.232 223.816 189.088
city	1230.34 1965.83 970.37 1180.19 1699.26
boulevard	32.096 0.026 101.76 0.098 462.02
104_1437	0.056 0.26 0.308 0.246 0.13
2884	0.094 0.138 91.432 0.086 0.25
20_2081	0.046 0.008 0.018 18.878 0.05
bite	30.612 68.162 1.654 31.93 29.642
20_2084	1.014 0.068 51.158 6.878 5.882
citi	0.012 388.274 0.02 279.67 0.024
fml	0.04 0.094 1.374 0.268 105.224
stuffed	0.098 1.31 38.27 52.312 0.01
typing	1.8 0.106 0.16 0.032 5.902
bits	23.998 9.818 0.034 0.106 0.044
1766_2032	0.07 0.286 0.282 0.218 0.144
provini	0.018 0.018 0.65 5.308 0.006
abraham's	0.084 0.272 0.294 0.218 0.132
32_2212	0.202 0.742 4.866 0.38 1.81
grimaldi's	0.002 92.028 0.064 11.876 0.03
1382_62	0.05 0.276 0.294 0.224 0.156
representing	0.018 1.282 0.004 21.424 0.272
1283	0.05 2.224 11.4 0.25 0.076
55_1643	0.166 1.844 1.796 0.17 0.024
future	192.664 1.06 86.286 0.042 0.948
prospect	0.046 0.102 0.956 1188.76 328.136
san	0.12 180.884 134.284 26.772 69.94
2047_3054	0.05 0.256 0.312 0.238 0.144
sab	0.062 0.294 0.28 0.22 0.144
parking	2.186 0.156 0.144 60.986 223.528
greyhound	2.124 0.036 0.36 1.994 3.486
sad	20.332 121.696 0.082 0.76 152.13
tastes	0.018 59.662 0.002 0.076 0.242
tehuitzingo	0.044 3.506 0.14 3.288 0.022
buried	0.124 4.39 12.252 0.132 0.102
saw	255.198 0.468 382.22 135.086 0.028
2047_1382	3.168 5.606 0.098 0.012 0.116
1643_1664	0.058 0.22 0.33 0.234 0.158
zoo	0.158 0.022 0.028 352.702 0.09
1807_1382	0.062 0.616 0.744 0.412 0.166
1807_1383	0.444 2.488 1.798 0.978 0.292
take	187.41 362.464 99.678 9.528 323.92
mayer	0.026 0.32 34.452 0.17 0.032
projects	51.184 50.2 0.238 0.054 0.324
butterfly	0.424 26.284 0.024 0.046 0.222
handing	12.71 0.012 0.124 0.026 7.128
knew	0.082 8.62 81.04 0.074 96.184
buffet	2.17 103.608 0.006 33.138 0.078
2081_2084	0.046 0.038 4.412 0.642 1.862
2146_2095	0.114 1.014 0.572 0.17 0.13
lawn	0.004 225.806 0.062 0.098 136.03
2048_1762	0.054 0.25 0.296 0.224 0.176
sala	0.002 32.93 0.02 0.042 0.006
drive	2.944 170.31 0.566 382.376 579.804
bade	0.002 0.252 3.73 0.014 0.002
atlantic	61.382 101.852 1.71 665.272 191.784
salt	0.006 0.452 89.96 65.558 0.024
madison	2065.03 2160.71 0.026 0.342 41.89
1324_2084	0.126 0.498 1.142 0.102 0.132
grilling	0.008 23.382 5.46 0.142 0.008
freecreditreport	0.06 0.254 0.314 0.232 0.14
peaches	0.036 0.012 0.046 47.882 0.024
calamari	0.004 39.94 0.014 0.026 0.016
1791_1241	0.586 16.188 0.36 0.01 21.856
1303_2688	0.174 0.124 22.65 1.11 23.942
going	630.394 4.854 612.788 450.734 903.23
hockey	0.1 0.04 73.644 17.032 1.184
pinkberry	0.006 178.57 1.338 0.036 0.05
hermanos	0.006 25.896 0.01 0.072 0.016
2708	356.238 0.01 5.604 209.81 0.338
32_1217	0.018 29.806 0.084 0.036 0.056
1811_2043	0.016 0.426 2.186 0.08 0.292
2701	42.286 0.37 0.01 33.292 1.042
45_2031	0.064 0.25 0.304 0.228 0.154
medialets	0.308 5.57 1.114 0.534 1.474
2724_2791	0.08 0.232 0.282 0.25 0.156
hohoho	0.004 0.404 1.33 0.194 0.068
prime	0.014 171.472 0.21 0.298 0.006
1303_1792	159.784 171.698 0.184 0.324 0.01
artist	0.426 61.07 0.28 0.002 0.222
celebrate	0.008 323.514 0.452 0.006 0.02
worried	0.066 0.172 0.048 0.042 24.672
tiki	0.006 0.036 21.932 0.018 0.008
27_1413	0.256 37.392 0.05 0.02 0.282
tortilla	0.016 58.89 0.056 0.008 0.03
xmas	0.038 70.806 44.034 21.082 0.04
breslin	0.024 168.706 12.036 0.148 8.086
octoberfesting	0.056 0.26 0.312 0.228 0.144
gangster	0.022 1.738 0.692 5.248 0.3
1804_1806	0.006 2.056 1.29 0.04 29.608
1780_715	0.018 0.052 0.016 4.66 0.254
izod	0.02 47.494 0.024 0.434 0.028
638_2043	0.1 0.25 0.284 0.228 0.138
alex's	7.178 8.414 0.104 11.66 3.644
dexter	0.06 0.082 28.054 0.656 0.148
taqueria	0.012 267.788 0.006 0.178 0.016
1303_1243	83.868 0 44.126 0.004 0.002
1249_1806	64.888 64.428 0.74 1.184 0.76
sites	0.102 1.54 0.736 1.154 30.468
1243_20	0.172 1.564 109.078 0.144 0.042
playhouse	0.078 36.616 0.004 0.162 0.14
1243_25	0.046 1.992 72.28 0.022 26.66
svoboda	0.054 0.828 0.276 0.514 0.328
grandpas	0.044 2.096 0.524 0.266 0.07
screen	0.042 98.15 0.336 0.488 33.984
supermarket	4.284 68.016 0.066 288.06 22.574
1748_104	0.002 0.188 0.224 3.546 0.04
awards	0.444 174.804 0.022 0.458 0.272
singas	0.43 6.698 0.802 0.05 0.02
jets	0.03 120.336 0.074 227.558 0.002
spark	0.386 0.152 10.06 0.378 0.024
1748_108	0.056 11.296 0.068 19.098 1.482
sanford's	0.042 0.166 38.726 1.792 0.274
1726	0.034 18.64 0.016 2.06 0.25
rhodes	0.112 0.136 2.53 0.01 0.212
1725	5.798 142.618 257.49 191.264 168.83
1720	0.09 0.2 88.358 21.142 83.21
1705_18	3.302 4.25 11.906 15.848 2.694
chorizo	0.07 26.218 0.166 4.542 0.004
43_50	0.192 16.696 0.032 0.248 1.832
mann	0.076 30.95 0.01 0.014 0.95
1378_2050	0.036 5.43 5.366 0.1 0.068
3007	0.318 0.106 7.768 1.724 71.084
28_1748	1.324 0.502 0.054 0.26 2.86
crew	0.248 301.998 84.592 0.156 0.006
cokes	0.552 1.844 0.634 0.428 0.542
boat	0.604 138.886 2.282 344.182 2.046
2566_2593	0.056 0.252 0.312 0.226 0.154
teddy	0.068 5.768 6.966 0.118 0.08
quickchek	2.36 0.008 50.838 0.01 107.784
airlines	0.024 0.108 0.048 0.408 215.412
javahood	0.232 0.78 0.19 0.476 0.322
mekong	0.006 0.55 0.016 3.204 0.224
lanes	0.668 0.042 262.01 0.264 0.016
1642_1243	1.516 25.37 0.026 0.032 3.056
spanked	0.114 0.406 0.084 0.67 1.726
thousand	0.014 0.184 0.14 14.632 0.03
narita	0.128 3.02 0.438 0.402 0.012
2636_3078	0.068 0.26 0.306 0.206 0.16
photos	70.432 34.894 18.532 15.688 1.454
hashtag	0.186 11.836 3.964 0.008 0.006
dropouts	0.062 0.256 0.288 0.258 0.136
former	11.504 53.7 0.402 0.024 0.37
shanty	0.06 1.614 1.054 0.26 0.012
1627_41	0.014 1.434 4.566 0.962 0.024
300_20	0.03 8.684 9.098 0.138 0.05
resturant	0.006 21.864 0.02 0.11 0
bartini's	0.064 0.264 0.28 0.218 0.174
situation	54.184 5.324 0.782 0.354 0.356
shanti	0.006 0.006 13.758 0.71 0.52
2036_1780	7.86 0.48 61.158 19.49 0.012
bros	8.806 100.912 0.016 0.118 0.148
rooting	0.012 0.064 0.064 33.614 0.246
threatens	0.034 1.06 1.496 1.896 1.514
1856_47	0.096 0.344 0.138 1.066 0.356
otto	0.032 93.69 0.212 0.054 0.012
yessir	0.014 6.762 0.144 0.036 0.044
lapointe	0.114 0.248 0.798 0.496 0.344
1834_1792	0.926 1.982 5.94 0.062 0.09
barber	154.672 0.584 81.24 104.072 0.432
hubba	0.072 0.258 0.302 0.226 0.142
19_1937	0.014 1.316 4.31 0.268 0.092
vacant	0.018 1.504 0.006 1.332 0.14
cacciatore	0.512 0.512 0.278 0.352 0.346
826_27	0 0.934 0.618 1.4 0.048
2259_2124	0.074 0.322 0.262 0.182 0.16
grumpy	98.6 0.004 0.004 73.064 0.328
49_2193	0.08 0.234 0.296 0.232 0.158
summer	0.022 518.672 0.24 0.05 339.016
952	0.028 0.662 25.394 0.334 0.582
212	2.188 1.58 0.362 1.574 1.296
210	1.02 0.118 125.66 0.114 216.088
1791_50	0.202 5.75 2.398 1.452 0.198
rest	7.852 0.228 84.59 33.826 163.504
1217_1486	0.006 1.324 4.788 9.876 0.006
segal	0.31 0.786 0.282 0.168 0.454
grounded	0.216 0.024 0.03 4.21 40.52
mandolin	0.072 0.248 0.304 0.21 0.166
1666_22	0.316 0.902 0.27 0.26 0.252
2322_2281	0.012 0.402 0.222 3.034 0.33
2322_2283	0.052 0.238 0.322 0.21 0.178
pow	0.056 22.794 0.09 10.876 0.184
1241_1852	0.146 0.552 0.464 0.562 0.276
50_59	0.404 1.592 0.286 0.674 0.044
starving	7.156 23.77 1.048 63.01 0.016
around	253.848 0.058 193.814 218.772 143.508
brigante	0.348 1.076 0.698 0.292 0.586
dark	0.012 0.202 122.032 0.05 71.704
traffic	0.074 0.016 2.946 127.332 400.632
pop	10.446 273.952 11.084 0.304 0.214
pangea	0.016 0.12 0.72 2.74 0.404
world	463.108 0.016 152.308 845.968 746.6
pizzaria	0.01 4.262 1.724 4.982 0.022
2550	0.032 26.726 0.986 0.124 0.132
droogs	0.05 0.268 0.332 0.232 0.118
2552	0.702 0.104 199.598 0.916 122.68
clam	0.144 47.542 0.006 2.124 0.184
fossils	0 0.012 4.964 0.02 0.004
2558	0.04 0.078 0.054 50.758 0.07
tony's	0.084 70.726 0.118 0.012 0.06
2084_344	0.758 0.196 126.992 125.65 50.404
2049_14	0 0.558 11.318 0.04 0.084
64	0.016 0.034 0.006 0.008 21.936
1643_1856	0.004 1.326 1.092 0.578 0
344_1600	0.006 0.014 8.896 0.036 0.048
1163_1626	0.31 0.978 1.216 0.358 0.138
learning	76.134 76.356 0.092 0.006 1.412
1413_22	46.778 24.638 0.114 5.336 0.134
1792_164	0.022 0.138 16.274 13.482 0.084
pickled	8.688 0.204 1.316 0.444 2.348
tvs	0.078 0.572 20.124 0.056 0.17
lobster	0.004 416.05 0.01 10.876 0.06
thinks	16.032 44.694 0.02 0.53 10.724
yesss	0.008 30.404 0.538 0.01 0.04
strewn	0.02 1.186 1.186 0.482 0.126
amuseing	0.06 0.256 0.308 0.252 0.124
nooo	0.014 0.09 0.026 0.01 7.86
wendys	0.138 19.646 0.012 0.188 0.016
exit	0.632 3.014 98.872 11.192 151.29
1811_1303	0.164 115.52 0.178 0.074 0.064
loveshack	0.194 0.206 0.254 0.77 0.576
turkey	120.184 0.012 0.21 64.398 0.196
dresden	0.058 1.946 0.99 0.348 0.658
21_1249	0.062 0.324 0.906 1.212 4.496
power	132.438 35.452 0.148 0.006 119.956
vivian	0.012 0.096 14.858 0.01 0.024
2439_3078	0.036 0.128 0.646 0.26 0.93
booooo	0.052 0.06 0.192 0.006 10.69
799_1222	0.234 11.462 0.054 0.192 0.058
2128_1624	0.07 0.24 0.318 0.22 0.152
dumont	0.518 181.57 0.03 0.026 2.856
hawkers	0.006 0.364 1.898 0.602 0.13
stone	0.028 385.434 0.052 0.448 0.038
ace	271.152 0.212 241.322 0.092 0.222
emilio's	0.006 2.776 0.078 6.918 0.222
favorite	0.018 539.32 0.086 204.044 14.532
meal	0.03 287.822 1.96 0.018 0.17
neighbor	0.006 0.082 5.318 4.604 20.99
act	1.33 7.232 48.974 9.508 15.956
bond	52.638 259.942 0.018 0.376 0.026
frankies	0.018 33.406 0.33 0.168 0.078
partied	0.002 0.466 1.12 3.384 0.028
1778_222	0.05 0.248 0.328 0.244 0.13
burning	0.02 69.244 0.968 2.688 1.08
janis	0.286 0.144 2.296 0.27 0.004
essex	0.648 0.144 281.23 258.768 144.21
parties	1.184 0.22 79.598 0.154 0.844
1792_2128	0.234 0.11 0.834 0.046 177.776
bergen	228.256 0.856 145.526 209.34 381.022
technically	0.08 1.398 1.522 5.99 16.01
racquet	0.008 145.97 0 0.022 97
hey	185.838 0.026 241.788 1.786 132.562
how'd	0.014 17.906 0.012 0.05 0.018
brazilian	0.002 77.422 0.066 0.476 0.034
55_1806	0.186 0.748 17.412 0.338 0.316
ago	63.314 0.188 102.85 0.192 87.456
yhou	0.066 0.246 0.302 0.252 0.134
awwwwww	0.022 0.012 3.372 0.374 0.22
25_1255	0.516 0.048 0.016 16.314 0.106
queensboro	0.212 8.222 39.732 0.036 176.798
2698_1244	0.07 0.258 0.318 0.226 0.128
land	1.404 0.062 48.36 64.308 42.866
mick	0.012 3.608 4.356 0.976 0.048
castello	0.008 0.002 3.19 1.796 0.004
36_1818	0.052 0.262 0.284 0.256 0.146
buying	113.608 1.736 0.198 147.416 0.042
handsome	0.072 32.428 0.48 0.012 0.008
they're	56.24 229.102 16.658 0.278 43.722
rage	4.056 1.202 19.314 0.012 23.416
jamaican	0.158 15.072 13.32 2.44 0.01
dirty	3.304 0.126 86.134 100.204 1.232
2483_2524	0.152 0.038 0.192 2.118 1.5
gong	0.014 0.02 0.042 17.908 0.016
exhausted	0.084 0.322 54.806 0.156 33.632
2749_1392	0.09 0.244 0.264 0.252 0.15
navy	0.016 0.4 0.002 92.518 0.064
watched	0.144 0.004 109.868 0.138 46.846
cream	134.168 0.224 127.308 309.778 0.522
yoga	0.102 236.256 0.004 221.988 253.65
332_2146	0.328 2.444 0.352 3.872 0.004
1110	16.398 0.152 1.21 23.51 30.73
356_1705	0.178 0.006 24.624 0.028 0.164
1449	0.01 0.018 0.194 0.27 107.508
1448	40.422 0.098 114.448 101.08 81.952
1813_25	0.034 0.732 0.65 0.202 0.382
2049_1666	0.044 2.11 0.29 0.202 0.354
annes	0.072 0.244 0.302 0.216 0.166
2749_2283	0.094 0.252 0.29 0.214 0.15
363_1244	0.078 0.504 0.634 0.158 0.626
1792_1780	0.068 0.446 43.714 0.004 29.768
cayes	0.074 0.256 0.298 0.246 0.126
856_22	0.302 0.306 0.22 0.66 0.512
woorijip	0.02 27.698 0.204 0.068 0.01
city's	0.072 3.462 0.28 12.902 0.284
mash	0.252 5.238 5.164 5.16 0.186
adam	14.298 0.01 19.026 76.228 10.438
macondo	0 0.022 17.95 0.022 0.006
356_1565	0.018 0.034 0 5.41 1.538
1243_344	0.014 0.47 71.232 0.23 0.054
original	134.182 0.144 79.328 12.328 0.018
jaja	0.07 0.012 13.21 0.62 0.088
1564_50	0.068 0.258 0.304 0.224 0.146
356_2036	0.12 0.066 20.444 0.034 0.336
356_2037	0.004 2.42 0.914 0.474 0.188
beware	0.384 0.128 0.02 0.02 23.448
code	95.608 0.096 0.008 4.066 5.222
funshop	0.704 43.732 0.056 0.488 0.02
mason	0.064 0.812 55.038 0.038 0.048
1725_17	0 0.204 2.778 0.012 0.006
hunting	0.026 0.096 0.028 66.84 0.01
champions	0.09 0.054 0.086 1.18 52.59
6_558	0.066 0.268 0.32 0.206 0.14
tail	0.058 3.09 3.88 0.158 10.814
smile	120.416 0.108 18.378 0.01 0.088
1217_1806	0.1 16.716 0.016 0.144 0.024
checkin	0.036 84 0.15 0.034 76.78
1626_717	0.086 0.304 0.27 0.216 0.124
sans	10.014 38.458 0.014 0.008 0.506
pbr	0 0.032 38.932 0.022 0.014
dinosaur	0 0.42 96.042 43.51 0.028
prosciutto	0.018 0.044 0.056 17.86 0.022
harry	0.028 0.01 157.504 52.422 0.036
small	10.056 123.626 0.016 89.09 21.212
chipolte	9.928 3.948 0.004 0.114 0.006
195	0.04 5.082 1.546 0.088 0.244
paso	0.414 0.008 9.66 14.918 0
1600_1325	0.252 0.248 1.088 1.77 2.642
pass	40.992 3.516 73.176 0.11 75.206
richard	0.016 136.402 0.132 0.626 2.824
